time(s) | vin(V) | vout(V)
0.000000 |  -1.0000 |  -1.0000
0.000100 |   1.0000 |  -0.8106
0.000200 |   1.0000 |  -0.6383
0.000300 |   1.0000 |  -0.4824
0.000400 |   1.0000 |  -0.3413
0.000500 |   1.0000 |  -0.2137
0.000600 |   1.0000 |  -0.0982
0.000700 |   1.0000 |   0.0063
0.000800 |   1.0000 |   0.1009
0.000900 |   1.0000 |   0.1865
0.001000 |   1.0000 |   0.2639
0.001100 |   1.0000 |   0.3339
0.001200 |   1.0000 |   0.3973
0.001300 |   1.0000 |   0.4547
0.001400 |   1.0000 |   0.5066
0.001500 |   1.0000 |   0.5535
0.001600 |   1.0000 |   0.5960
0.001700 |   1.0000 |   0.6345
0.001800 |   1.0000 |   0.6692
0.001900 |   1.0000 |   0.7007
0.002000 |   1.0000 |   0.7292
0.002100 |   1.0000 |   0.7550
0.002200 |   1.0000 |   0.7783
0.002300 |   1.0000 |   0.7994
0.002400 |   1.0000 |   0.8185
0.002500 |   1.0000 |   0.8357
0.002600 |  -1.0000 |   0.6638
0.002700 |  -1.0000 |   0.5054
0.002800 |  -1.0000 |   0.3622
0.002900 |  -1.0000 |   0.2326
0.003000 |  -1.0000 |   0.1153
0.003100 |  -1.0000 |   0.0091
0.003200 |  -1.0000 |  -0.0869
0.003300 |  -1.0000 |  -0.1738
0.003400 |  -1.0000 |  -0.2524
0.003500 |  -1.0000 |  -0.3236
0.003600 |  -1.0000 |  -0.3879
0.003700 |  -1.0000 |  -0.4462
0.003800 |  -1.0000 |  -0.4989
0.003900 |  -1.0000 |  -0.5466
0.004000 |  -1.0000 |  -0.5897
0.004100 |  -1.0000 |  -0.6288
0.004200 |  -1.0000 |  -0.6641
0.004300 |  -1.0000 |  -0.6961
0.004400 |  -1.0000 |  -0.7250
0.004500 |  -1.0000 |  -0.7512
0.004600 |  -1.0000 |  -0.7748
0.004700 |  -1.0000 |  -0.7963
0.004800 |  -1.0000 |  -0.8156
0.004900 |  -1.0000 |  -0.8332
0.005000 |  -1.0000 |  -0.8491
0.005100 |   1.0000 |  -0.6740
0.005200 |   1.0000 |  -0.5147
0.005300 |   1.0000 |  -0.3706
0.005400 |   1.0000 |  -0.2401
0.005500 |   1.0000 |  -0.1221
0.005600 |   1.0000 |  -0.0153
0.005700 |   1.0000 |   0.0813
0.005800 |   1.0000 |   0.1687
0.005900 |   1.0000 |   0.2478
0.006000 |   1.0000 |   0.3194
0.006100 |   1.0000 |   0.3842
0.006200 |   1.0000 |   0.4428
0.006300 |   1.0000 |   0.4958
0.006400 |   1.0000 |   0.5438
0.006500 |   1.0000 |   0.5872
0.006600 |   1.0000 |   0.6265
0.006700 |   1.0000 |   0.6620
0.006800 |   1.0000 |   0.6942
0.006900 |   1.0000 |   0.7233
0.007000 |   1.0000 |   0.7496
0.007100 |   1.0000 |   0.7734
0.007200 |   1.0000 |   0.7950
0.007300 |   1.0000 |   0.8145
0.007400 |   1.0000 |   0.8322
0.007500 |   1.0000 |   0.8481
0.007600 |  -1.0000 |   0.6750
0.007700 |  -1.0000 |   0.5156
0.007800 |  -1.0000 |   0.3714
0.007900 |  -1.0000 |   0.2409
0.008000 |  -1.0000 |   0.1228
0.008100 |  -1.0000 |   0.0159
0.008200 |  -1.0000 |  -0.0808
0.008300 |  -1.0000 |  -0.1682
0.008400 |  -1.0000 |  -0.2474
0.008500 |  -1.0000 |  -0.3190
0.008600 |  -1.0000 |  -0.3838
0.008700 |  -1.0000 |  -0.4425
0.008800 |  -1.0000 |  -0.4955
0.008900 |  -1.0000 |  -0.5435
0.009000 |  -1.0000 |  -0.5870
0.009100 |  -1.0000 |  -0.6263
0.009200 |  -1.0000 |  -0.6618
0.009300 |  -1.0000 |  -0.6940
0.009400 |  -1.0000 |  -0.7231
0.009500 |  -1.0000 |  -0.7495
0.009600 |  -1.0000 |  -0.7733
0.009700 |  -1.0000 |  -0.7949
0.009800 |  -1.0000 |  -0.8144
0.009900 |  -1.0000 |  -0.8321
0.010000 |  -1.0000 |  -0.8481
0.010100 |   1.0000 |  -0.6731
0.010200 |   1.0000 |  -0.5139
0.010300 |   1.0000 |  -0.3698
0.010400 |   1.0000 |  -0.2394
0.010500 |   1.0000 |  -0.1215
0.010600 |   1.0000 |  -0.0148
0.010700 |   1.0000 |   0.0818
0.010800 |   1.0000 |   0.1692
0.010900 |   1.0000 |   0.2482
0.011000 |   1.0000 |   0.3198
0.011100 |   1.0000 |   0.3845
0.011200 |   1.0000 |   0.4431
0.011300 |   1.0000 |   0.4961
0.011400 |   1.0000 |   0.5440
0.011500 |   1.0000 |   0.5874
0.011600 |   1.0000 |   0.6267
0.011700 |   1.0000 |   0.6622
0.011800 |   1.0000 |   0.6944
0.011900 |   1.0000 |   0.7234
0.012000 |   1.0000 |   0.7498
0.012100 |   1.0000 |   0.7736
0.012200 |   1.0000 |   0.7951
0.012300 |   1.0000 |   0.8146
0.012400 |   1.0000 |   0.8323
0.012500 |   1.0000 |   0.8482
0.012600 |  -1.0000 |   0.6750
0.012700 |  -1.0000 |   0.5156
0.012800 |  -1.0000 |   0.3714
0.012900 |  -1.0000 |   0.2409
0.013000 |  -1.0000 |   0.1228
0.013100 |  -1.0000 |   0.0160
0.013200 |  -1.0000 |  -0.0807
0.013300 |  -1.0000 |  -0.1682
0.013400 |  -1.0000 |  -0.2474
0.013500 |  -1.0000 |  -0.3190
0.013600 |  -1.0000 |  -0.3838
0.013700 |  -1.0000 |  -0.4424
0.013800 |  -1.0000 |  -0.4955
0.013900 |  -1.0000 |  -0.5435
0.014000 |  -1.0000 |  -0.5869
0.014100 |  -1.0000 |  -0.6262
0.014200 |  -1.0000 |  -0.6618
0.014300 |  -1.0000 |  -0.6940
0.014400 |  -1.0000 |  -0.7231
0.014500 |  -1.0000 |  -0.7495
0.014600 |  -1.0000 |  -0.7733
0.014700 |  -1.0000 |  -0.7949
0.014800 |  -1.0000 |  -0.8144
0.014900 |  -1.0000 |  -0.8321
0.015000 |  -1.0000 |  -0.8480
0.015100 |   1.0000 |  -0.6731
0.015200 |   1.0000 |  -0.5139
0.015300 |   1.0000 |  -0.3698
0.015400 |   1.0000 |  -0.2394
0.015500 |   1.0000 |  -0.1215
0.015600 |   1.0000 |  -0.0148
0.015700 |   1.0000 |   0.0818
0.015800 |   1.0000 |   0.1692
0.015900 |   1.0000 |   0.2482
0.016000 |   1.0000 |   0.3198
0.016100 |   1.0000 |   0.3845
0.016200 |   1.0000 |   0.4431
0.016300 |   1.0000 |   0.4961
0.016400 |   1.0000 |   0.5440
0.016500 |   1.0000 |   0.5874
0.016600 |   1.0000 |   0.6267
0.016700 |   1.0000 |   0.6622
0.016800 |   1.0000 |   0.6944
0.016900 |   1.0000 |   0.7234
0.017000 |   1.0000 |   0.7498
0.017100 |   1.0000 |   0.7736
0.017200 |   1.0000 |   0.7951
0.017300 |   1.0000 |   0.8146
0.017400 |   1.0000 |   0.8323
0.017500 |   1.0000 |   0.8482
0.017600 |  -1.0000 |   0.6750
0.017700 |  -1.0000 |   0.5156
0.017800 |  -1.0000 |   0.3714
0.017900 |  -1.0000 |   0.2409
0.018000 |  -1.0000 |   0.1228
0.018100 |  -1.0000 |   0.0160
0.018200 |  -1.0000 |  -0.0807
0.018300 |  -1.0000 |  -0.1682
0.018400 |  -1.0000 |  -0.2474
0.018500 |  -1.0000 |  -0.3190
0.018600 |  -1.0000 |  -0.3838
0.018700 |  -1.0000 |  -0.4424
0.018800 |  -1.0000 |  -0.4955
0.018900 |  -1.0000 |  -0.5435
0.019000 |  -1.0000 |  -0.5869
0.019100 |  -1.0000 |  -0.6262
0.019200 |  -1.0000 |  -0.6618
0.019300 |  -1.0000 |  -0.6940
0.019400 |  -1.0000 |  -0.7231
0.019500 |  -1.0000 |  -0.7495
0.019600 |  -1.0000 |  -0.7733
0.019700 |  -1.0000 |  -0.7949
0.019800 |  -1.0000 |  -0.8144
0.019900 |  -1.0000 |  -0.8321
0.020000 |  -1.0000 |  -0.8480
